2
3
11
15
16
17
24
25
26
34
51
53
54
61
67
78
79
80
81
82
83
84
85
86
87
88
89
90
91
93
94
96
98
99
100
102
103
105
106
107
108
109
111
112
113
120
148
152
153
159
169
185
188
189
190
192
194
201
214
221
223
224
231
232
235
236
238
240
243
244
246
247
250
252
256
259
260
262
263
264
265
268
272
273
274
276
277
278
280
283
284
285
286
289
293
295
297
298
302
303
305
306
307
308
310
312
313
314
315
316
318
319
322
324
325
326
327
330
333
337
339
346
347
348
351
353
354
356
358
359
360
364
365
366
368
369
370
371
372
375
376
377
378
380
382
383
385
388
391
392
393
395
396
400
401
402
403
405
408
409
410
411
413
414
415
416
417
418
421
423
424
426
428
429
430
433
434
438
440
443
444
445
446
447
448
449
484
489
490
497
498
499
507
509
510
511
512
514
516
518
520
521
522
523
528
530
533
534
536
537
544
546
547
551
553
554
559
560
561
563
564
566
568
570
573
574
575
576
577
580
581
582
585
587
588
590
595
599
610
611
612
621
622
626
627
628
630
631
644
649
651
652
658
664
665
667
669
671
672
675
677
678
679
681
683
691
697
699
701
702
703
706
707
724
728
731
735
737
740
741
742
743
745
746
747
749
750
760
764
765
768
769
772
774
783
785
787
788
791
792
793
801
805
810
811
813
815
817
819
823
827
828
829
832
833
834
838
841
842
843
847
848
851
854
855
857
859
860
864
867
869
871
874
876
886
887
909
913
922
942
943
944
949
952
961
962
970
981
982
986
989
990
991
994
995
1000
1001
1002
1004
1006
1014
1016
1018
1020
1021
1022
1029
1030
1038
1040
1041
1042
1043
1044
1045
1047
1048
1049
1050
1051
1052
1053
1058
1059
1063
1066
1075
1079
1080
1082
1083
1089
1090
1091
1092
1093
1094
1095
1100
1102
1112
1119
1120
1122
1123
1124
1126
1127
1131
1135
1137
1146
1157
1159
1160
1162
1163
1164
1165
1166
1168
1174
1175
1179
1180
1189
1190
1193
1195
1196
1201
1205
1206
1207
1214
1215
1227
1228
1232
1240
1241
1242
1243
1244
1245
1246
1247
1248
1251
1252
1254
1255
1256
1257
1258
1259
1260
1261
1262
1263
1264
1265
1267
1268
1274
1275
1276
1279
1283
1284
1285
1288
1289
1291
1292
1293
1294
1295
1296
1297
1298
1299
1301
1302
1306
1307
1309
1311
1322
1323
1325
1326
1327
1330
1331
1335
1337
1338
1339
1340
1341
1342
1343
1344
1349
1350
1353
1354
1356
1357
1358
1363
1364
1365
1366
1370
1378
1383
1385
1387
1393
1394
1396
1398
1401
1402
1403
1414
1416
1419
1420
1421
1423
1424
1429
1430
1431
1432
1433
1435
1437
1438
1439
1440
1441
1442
1443
1446
1447
1449
1455
1456
1457
1470
1472
1479
1480
1481
1484
1485
1486
1487
1491
1499
1502
1507
1514
1518
1519
1520
1521
1522
1524
1526
1527
1528
1532
1533
1534
1538
1541
1545
1548
1549
1550
1551
1552
1553
1554
1561
1563
1564
1574
1579
1581
1583
1584
1599
1604
1607
1608
1618
1623
1629
1632
1633
1634
1639
1640
1648
1650
1654
1659
1661
1664
1665
1676
1677
1681
1682
1695
1696
1698
1707
1709
1711
1720
1723
1724
1726
1727
1731
1732
1733
1742
1743
1753
1756
1757
1761
1764
1766
1767
1768
1770
1772
1773
1774
1775
1782
1784
1785
1786
1789
1790
1793
1794
1795
1796
1798
1799
1800
1801
1802
1804
1805
1810
1811
1813
1814
1815
1816
1819
1820
1824
1840
1847
1850
1851
1856
1857
1861
1863
1870
1873
1875
1876
1877
1880
1881
1883
1884
1887
1889
1891
1892
1893
1895
1897
1898
1899
1900
1902
1903
1904
1908
1916
1925
1940
1957
1960
1964
1965
1966
1967
1968
1971
1974
1975
1988
1989
1991
1992
1993
2000
2002
2003
2005
2007
2008
2010
2014
2018
2033
2034
2035
2038
2039
2046
2049
2054
2060
2070
2072
2076
2079
2083
2091
2092
2094
2098
2102
2105
2106
2107
2110
2118
2121
2122
2124
2127
2128
2129
2130
2133
2135
2136
2137
2138
2151
2152
2157
2158
2159
2160
2161
2163
2164
2165
2166
2168
2173
2174
2176
2177
2178
2179
2182
2184
2189
2195
2210
2212
2213
2216
2217
2218
2219
2220
2221
2222
2223
2224
2226
2233
2235
2238
2240
2241
2242
2245
2246
2257
2258
2259
2260
2265
2269
2271
2275
2277
2284
2292
2293
2294
2297
2298
2301
2303
2307
2309
2310
2311
2314
2319
2326
2328
2329
2331
2332
2333
2336
2337
2341
2343
2352
2354
2356
2357
2358
2372
2392
2393
2399
2403
2409
2410
2412
2418
2425
2428
2430
2432
2435
2437
2439
2442
2444
2446
2447
2456
2460
2461
2462
2463
2464
2467
2468
2470
2472
2473
2474
2476
2480
2481
2482
2488
2491
2492
2496
2499
2512
2513
2514
2517
2518
2521
2526
2527
2534
2538
2542
2548
2550
2554
2555
2556
2559
2560
2561
2563
2564
2565
2566
2568
2571
2573
2574
2575
2576
2579
2581
2583
2585
2588
2595
2596
2614
2625
2627
2632
2633
2635
2640
2643
2644
2645
2646
2655
2657
2661
2663
2664
2668
2669
2672
2673
2676
2678
2692
2698
2700
2707
2710
2712
2722
2723
2725
2726
2729
2730
2741
2745
2754
2757
2758
2763
2764
2765
2766
2767
2768
2773
2774
2776
2777
2778
2780
2781
2782
2783
2784
2785
2787
2789
2790
2791
2792
2793
2794
2795
2796
2799
2802
2803
2807
2809
2810
2811
2814
2815
2816
2820
2825
2836
2837
2840
2841
2850
2854
2858
2860
2865
2867
2868
2870
2871
2877
2885
2888
2889
2894
2895
2904
2908
2909
2910
2911
2912
2913
2923
2933
2935
2936
2943
2944
2945
2946
2947
2948
2950
2951
2953
2958
2960
2963
2966
2969
2970
2972
2974
2986
2987
2988
2989
2995
2998
2999
3000
3003
3004
3010
3012
3022
3023
3026
3027
3028
3036
3037
3038
3039
3043
3049
3064
3065
3087
3089
3091
3096
3097
3101
3102
3107
3108
3109
3110
3115
3116
3122
3123
3124
3127
3128
3129
3130
3131
3132
3135
3136
3138
3139
3140
3141
3142
3143
3146
3147
3154
3155
3157
3158
3159
3160
3161
3165
3166
3167
3168
3169
3170
3173
3174
3180
3184
3185
3187
3189
3196
3197
3198
3202
3208
3210
3212
3214
3215
3218
3219
3227
3230
3231
3232
3237
3242
3245
3259
3261
3270
3283
3289
3290
3291
3294
3295
3299
3300
3301
3303
3306
3308
3309
3310
3311
3312
3313
3314
3315
3316
3317
3318
3319
3320
3321
3322
3324
3325
3327
3328
3329
3330
3339
3343
3347
3348
3350
3351
3352
3353
3357
3359
3360
3361
3363
3385
3387
3388
3389
3390
3391
3395
3399
3401
3405
3407
3408
3410
3411
3414
3415
3417
3418
3419
3421
3422
3426
3427
3429
3430
3431
3433
3434
3439
3440
3443
3455
3456
3460
3462
3463
3464
3465
3466
3467
3468
3472
3473
3475
3476
3477
3478
3486
3489
3490
3493
3504
3505
3506
3507
3513
3515
3516
3517
3518
3519
3520
3521
3522
3523
3525
3528
3531
3532
3533
3534
3537
3538
3539
3540
3542
3543
3547
3548
3551
3553
3554
3562
3568
3569
3576
3578
3579
3580
3582
3583
3584
3585
3586
3590
3597
3603
3605
3608
3609
3614
3616
3618
3619
3620
3622
3626
3627
3628
3629
3636
3643
3647
3663
3676
3678
3688
3689
3696
3697
3702
3709
3711
3713
3714
3716
3717
3721
3726
3728
3733
3734
3735
3736
3744
3749
3756
3759
3764
3766
3767
3770
3774
3775
3788
3789
3795
3798
3799
3802
3804
3806
3809
3810
3811
3812
3813
3814
3816
3818
3820
3822
3823
3828
3832
3833
3839
3840
3841
3842
3843
3844
3849
3854
3859
3862
3863
3865
3868
3869
3870
3871
3891
3894
3895
3902
3903
3904
3905
3908
3909
3910
3915
3916
3917
3918
3919
3921
3922
3924
3925
3929
3930
3931
3932
3933
3934
3935
3937
3938
3942
3944
3945
3946
3948
3956
3966
3968
3972
3980
3985
3987
3988
3995
3996
3998
4001
4002
4003
4004
4005
4007
4012
4015
4024
4026
4028
4029
4030
4032
4033
4034
4035
4036
4037
4042
4044
4045
4048
4050
4054
4056
4057
4058
4061
4063
4071
4074
4078
4084
4086
4087
4105
4107
4109
4110
4113
4114
4119
4121
4122
4123
4124
4126
4128
4130
4131
4132
4133
4134
4135
4136
4137
4138
4139
4140
4141
4144
4145
4148
4150
4153
4165
4166
4167
4170
4175
4176
4178
4179
4180
4181
4184
4185
4186
4188
4191
4195
4196
4197
4200
4201
4207
4211
4212
4214
4215
4217
4220
4221
4222
4223
4227
4228
4231
4232
4234
4235
4238
4239
4240
4246
4247
4248
4250
4252
4258
4260
4261
4262
4263
4265
4266
4273
4275
4282
4291
4297
4298
4300
4302
4307
4314
4319
4322
4325
4330
4331
4332
4333
4334
4335
4339
4341
4351
4353
4354
4355
4360
4361
4362
4365
4366
4367
4368
4369
4371
4372
4373
4374
4375
4376
4377
4378
4379
4380
4381
4382
4383
4384
4385
4387
4388
4389
4390
4399
4401
4404
4407
4408
4411
4412
4421
4422
4425
4434
4435
4438
4440
4443
4444
4448
4452
4457
4459
4469
4470
4471
4472
4473
4474
4476
4478
4479
4480
4481
4489
4491
4501
4515
4516
4525
4526
4528
4531
4533
4535
4543
4548
4551
4552
4553
4557
4559
4560
4561
4562
4563
4572
4574
4585
4586
4590
4592
4593
4594
4595
4596
4598
4599
4601
4602
4603
4604
4605
4606
4614
4615
4616
4618
4619
4620
4623
4657
4675
4676
4682
4688
4692
4693
4694
4710
4711
4712
4715
4716
4718
4722
4729
4730
4734
4739
4741
4744
4745
4748
4755
4756
4768
4769
4770
4771
4774
4775
4777
4778
4779
4780
4781
4782
4783
4784
4785
4789
4790
4793
4798
4800
4802
4803
4804
4809
4811
4814
4815
4818
4819
4820
4822
4823
4827
4828
4833
4835
4836
4838
4842
4843
4845
4847
4849
4852
4857
4859
4864
4869
4871
4872
4876
4883
4887
4888
4889
4892
4893
4894
4898
4902
4903
4918
4919
4923
4926
4943
4948
4950
4953
4957
4958
4959
4960
4963
4964
4967
4968
4969
4970
4972
4974
4975
4976
4977
4979
4982
4984
4986
4987
4988
4991
4992
4993
4996
4997
5003
5017
5024
5027
5035
5038
5040
5043
5045
5049
5053
5054
5055
5058
5059
5062
5063
5069
5072
5081
5082
5083
5084
5085
5086
5087
5092
5094
5100
5102
5107
5108
5110
5112
5116
5118
5120
5121
5122
5124
5125
5126
5131
5135
5136
5150
5151
5153
5163
5164
5165
5182
5204
5207
5218
5232
5233
5234
5239
5242
5245
5248
5249
5251
5258
5259
5261
5262
5265
5267
5269
5272
5281
5284
5285
5292
5293
5295
5296
5303
5311
5315
5326
5327
5328
5331
5332
5336
5338
5339
5340
5341
5342
5344
5346
5353
5354
5355
5357
5360
5366
5370
5373
5380
5381
5382
5388
5390
5391
5395
5399
5405
5406
5410
5416
5417
5422
5425
5427
5429
5436
5437
5438
5440
5441
5446
5447
5449
5452
5453
5455
5456
5458
5462
5465
5470
5471
5472
5475
5476
5485
5487
5489
5491
5492
5494
5498
5500
5501
5502
5503
5506
5507
5508
5509
5510
5513
5517
5518
5521
5524
5525
5526
5530
5532
5533
5534
5535
5538
5539
5540
5542
5546
5554
5557
5560
5561
5563
5566
5567
5568
5569
5570
5571
5572
2847
2048
2880
4104
2125
1671
1635
2493
5201
3498
3459
4907
799
2119
5474
5555
4206
1233
4659
2322
4749
2535
4494
3080
4639
1508
3790
5142
2353
181
1473
2315
5001
4154
5026
191
979
3362
5210
2362
600
2283
5263
2702
4338
3570
2682
2531
2183
2350
2681
4612
4427
1013
2042
3959
463
4550
1381
2477
115
4441
756
593
3794
4095
5316
549
4983
5435
2830
2349
1188
1076
2844
41
1858
4393
5551
5243
5066
27
1939
2057
3044
4873
1477
3487
3958
2931
3255
2004
345
1033
825
3701
4589
1187
1071
3561
3145
4294
2100
4454
4076
2891
5377
5114
1739
659
4242
1672
2939
882
1055
1504
5439
425
1662
4092
2291
5277
5158
5574
5356
2339
266
1641
4312
1213
808
458
1409
5029
1700
2023
583
3016
2567
3172
2044
2114
2607
5071
3246
3258
911
1
3276
228
5283
3817
1371
4464
1376
4895
4456
2887
182
976
145
1886
5454
5237
4751
5260
5421
532
4350
1390
1585
2658
2266
2557
4719
5529
5397
4966
872
4689
3199
3535
3746
5468
42
2063
917
5061
3685
3488
1037
4318
2421
3020
5520
2280
5413
4846
5299
4792
5322
1694
3420
4418
5185
2961
540
5434
4345
1642
5257
4096
1184
916
4648
4591
556
2599
1351
3650
4289
856
1625
1821
908
4370
919
128
4177
140
282
2052
1023
1913
257
3436
2208
1280
2626
1617
1101
4416
1136
1885
2086
4490
945
3703
2869
1922
5335
3639
4855
1973
2883
4727
3178
1979
890
1837
60
2501
3068
1405
1713
4582
1866
4008
2523
1186
267
1444
998
4914
3637
3354
1273
33
4208
5039
2590
1831
4578
4288
4499
3470
193
3229
2312
2401
2415
4655
969
680
1852
1200
5408
2424
4482
4844
2520
4705
4409
1576
2857
1843
604
4928
2268
1830
4051
2344
21
1646
2926
4851
5553
0
1609
114
3850
3182
1287
1060
4738
3606
1577
5271
879
770
197
213
4706
4463
342
1832
4882
124
1882
931
1145
3220
3346
172
467
519
1658
5002
5101
4584
3659
4696
5190
5172
572
3648
1611
700
4245
178
4607
3033
70
2088
3474
4359
4703
1141
2459
5375
2495
3063
1660
1111
642
858
884
4155
3556
3851
1471
1933
144
3254
1947
2740
4000
4348
597
3025
4230
4413
4952
2074
2907
1562
183
2150
1956
2500
1849
709
780
5159
2899
204
4641
1400
4173
1128
2036
1986
3771
4701
1336
4933
4049
5036
1098
5198
771
5400
2093
4862
1744
4018
906
4624
3649
2050
1031
1959
3371
3284
565
863
2667
2202
1110
1748
1097
2375
492
3545
3034
3126
953
1392
5220
4865
1463
2727
73
5060
3705
288
3156
717
4159
5147
3100
3920
3887
1691
1169
4588
4415
5088
1637
1318
2385
3957
5536
2775
4098
3088
896
1759
4465
4426
1388
984
2743
4941
912
2714
2873
2932
1460
543
4832
5300
3768
2458
3664
3530
2835
1934
3092
2262
591
4342
5219
3381
589
2451
3923
4449
2031
4581
2759
4837
4439
3484
4698
3162
4896
4637
2612
3191
2429
495
4453
2097
4925
704
3216
4161
2194
473
3336
4090
3594
3687
4510
2504
5134
469
2278
1046
198
1630
110
824
1909
807
4760
1998
2015
3984
1918
2374
3888
1703
2609
3667
2651
3193
1332
3976
4863
902
3601
5047
1140
5549
2519
2205
5021
1313
1373
1806
4570
460
2321
3829
4554
1170
2821
1697
3483
5379
2846
2308
5522
2818
3574
1687
3192
987
1567
3725
49
3268
2569
2479
3645
241
3079
4066
3729
5247
3889
1451
4547
1234
2395
4954
3741
5080
1828
384
3977
2148
541
2045
3280
1555
4022
3625
726
4513
4807
30
861
4717
1569
5343
4462
557
195
5282
4766
3017
2828
3018
2141
729
1025
4417
1399
4609
5137
1907
513
4125
2457
1546
2236
2011
1407
1729
3047
482
3707
973
2249
1482
1610
1418
614
3448
4587
4172
1172
2413
1734
456
4631
58
5323
55
5306
4488
3479
3613
151
2753
786
2206
3720
5369
248
789
601
3368
454
5183
4575
3881
5004
2937
74
175
5105
5244
1958
2181
4569
2145
3550
394
367
5451
4419
2697
3114
3961
4392
1575
4156
5558
3856
4405
5445
4038
2149
2570
2525
1525
2739
294
2800
2361
1686
5324
1643
634
5140
4690
309
4673
5490
187
605
1755
958
2628
4115
5033
341
4527
1594
3793
1333
2025
3203
1266
4315
211
4497
3454
5181
3951
3293
4728
4447
4915
2305
4311
1143
3432
2407
5037
5246
4529
2154
141
3588
2351
3077
2483
5123
5079
2594
688
4193
2916
299
5089
3461
5459
4640
763
4013
5301
635
2193
5511
5252
4272
2282
5028
818
1917
2622
4724
3269
118
38
3786
3591
3577
2254
5253
1921
2675
1935
5320
3113
2838
4521
1161
2654
2237
4985
4446
1823
1417
2856
1380
1154
5006
1600
1379
4224
723
4916
670
693
5466
3952
1944
2452
4530
4891
2631
4579
4101
1745
5385
527
3981
3642
1649
3491
1114
3971
5143
4930
3452
5420
1912
1054
2755
821
3098
4874
3731
505
2487
4702
4628
2006
258
3592
2608
2990
5068
4468
1919
1181
3365
2252
4279
2648
3149
3824
2942
3699
3686
3305
2708
4006
5186
1367
4714
1741
3053
4257
1616
1478
117
5197
1237
343
1645
3233
2896
853
389
3045
2749
5226
5199
5442
1434
5270
5351
261
2819
1286
3086
4627
3661
4541
5014
517
5307
3021
2859
3666
3700
797
2941
62
2848
1096
5504
3181
3773
2647
5213
300
1085
2022
3040
5050
2256
5009
4292
3235
3633
3492
3457
3544
4011
2411
3251
3785
3611
1462
1081
5046
2578
4073
3926
1305
2234
4277
2587
4622
2144
5241
1653
3013
508
4293
134
2378
71
5480
47
5401
2539
1540
1644
3497
3634
2449
999
1425
692
4391
893
1612
2976
6
2634
4320
2115
4564
4634
5075
5562
1598
459
1817
4723
929
2408
2281
4663
3632
4747
1406
755
1368
4420
4450
3144
2602
5145
4271
901
4363
648
997
167
4826
5019
1505
3617
5224
4901
2918
1203
2486
3066
200
4860
2227
229
3892
362
956
5398
1735
2153
4761
3587
4927
1787
2878
1149
2073
3201
2436
3073
4202
2922
3481
3857
4772
4956
888
542
180
4884
2572
2721
7
4504
3983
4691
2747
2077
3485
2580
317
2666
2921
3274
1152
4946
4736
578
3732
3982
3914
4278
5111
3671
782
4812
2543
4840
1613
475
164
3575
2172
3120
457
323
5129
32
116
1705
3834
3056
4642
673
3779
616
3549
725
2465
1310
2927
4358
708
2901
2201
5240
4511
1647
1474
1570
420
2788
4162
1791
5484
5157
4205
5276
2431
328
3267
4209
1034
609
4937
1224
2001
1250
3674
4347
2852
2199
3573
45
1493
471
4506
1728
5127
2427
4661
2589
3117
2244
3978
427
4268
3955
1568
3019
2192
2402
3444
4455
2390
1841
2699
4695
3835
1183
4152
2267
3496
242
4635
1202
2225
3342
2812
2112
5056
2288
1194
5215
3644
4187
1683
2104
3947
2239
2553
4556
3883
4199
1106
1226
5290
4225
2013
1636
2586
4397
623
925
5268
3607
3953
4093
5230
2012
992
3879
2139
5011
4726
2968
3090
2967
4662
2845
2834
2108
4633
1871
412
3800
5515
1384
1942
3055
3599
1678
3072
3050
4129
291
2290
3750
1144
1355
177
4524
2441
796
5497
2516
694
3765
4759
4182
525
1012
2417
3623
3708
253
4295
3070
4414
820
5334
3718
481
349
2388
5309
1845
5214
977
4757
3059
2132
806
2843
4989
2320
3866
3081
138
2808
270
1655
5078
579
1328
751
1109
1865
92
1039
77
1360
978
3941
1466
1005
1321
468
4854
3563
381
4451
4621
1924
1303
4567
2494
558
3994
1134
4270
1077
767
3826
3402
4870
713
3344
1809
3555
2771
1238
2080
2964
477
826
4899
2347
5368
5467
3558
4949
2111
373
474
1316
935
2087
2287
2691
1167
3973
4027
3846
4704
355
3369
2720
4
898
3989
3302
2366
202
1445
3209
2345
3652
3801
5034
4103
3860
4296
2881
1422
1061
281
4016
3751
2752
4890
2914
4493
5389
2733
5450
3670
2316
3896
2146
3262
2524
50
4436
2248
555
873
1117
271
3451
3949
1580
1197
5128
2065
1596
311
5235
4168
3249
3104
5273
1783
4395
4309
3499
830
3595
1065
146
1132
69
3669
2694
437
5376
2705
2026
5333
5469
1218
2982
1937
2359
2346
4336
3458
3760
650
3495
4668
4906
2744
4810
4017
5223
66
5052
1590
5113
2613
149
905
1315
4944
3691
4856
4522
4532
2422
3400
1151
4998
606
3830
2540
3722
4929
947
5133
2028
3278
2342
696
4660
4023
645
4934
2703
2364
3118
3207
5364
1760
3011
2656
1282
930
1844
3990
1531
1670
2274
3366
3263
608
2230
5162
3338
3200
12
5312
4118
1689
336
3074
3680
1977
5407
4406
3656
5236
1560
2805
2131
3396
2489
5433
234
4088
2660
3137
2756
1235
535
1915
3225
162
2348
4788
804
4460
4171
914
689
2433
332
4117
4931
2853
1812
4576
1198
1631
529
736
4555
1619
3880
171
245
1352
928
5330
4290
150
1943
1842
4286
2317
139
4600
4973
3723
4644
4885
3271
1663
1150
3094
1953
4308
205
633
2101
4824
1952
923
1848
1706
488
4638
2416
3243
2484
2592
1901
875
1133
2058
3906
1807
3893
5196
4786
1204
3837
442
1704
3858
1752
4243
3379
432
3078
3772
2466
1938
4094
5384
2250
1978
2930
374
662
936
3423
1914
4917
722
3784
1118
4346
97
439
4737
2450
3890
2823
4731
2377
1588
3031
496
4746
3872
4317
5482
4643
4938
1500
4423
3600
3997
2485
2639
3356
5018
2547
5041
5464
948
3048
4344
1763
4467
2605
5512
3963
1926
2582
946
4577
2610
3761
1503
5394
4102
5414
5367
4204
1985
4721
3962
3991
2120
1769
3286
698
1067
5005
940
5531
5203
2530
1087
4194
1859
2143
3442
1970
3148
1627
3657
2997
4146
1530
2505
3727
5193
1415
3281
3791
1592
165
3213
2387
668
1452
4897
4089
1086
2882
1465
1496
2394
220
1386
1758
3409
2683
4558
3345
5141
3698
2902
3277
1822
5070
478
1547
4613
2279
1312
4310
5178
1537
686
985
1994
2973
3119
5012
4429
4796
754
1797
1710
2985
5349
3831
3715
4611
1225
3304
1826
1606
4287
1158
4932
1221
5057
1348
1347
4877
4580
2156
2134
2779
4763
3808
436
4085
2738
5146
2475
215
4542
1962
2370
734
2713
3393
3651
1116
3355
296
2384
1657
