2
3
12
15
22
26
34
48
51
54
61
67
73
74
78
80
82
84
85
86
87
88
89
90
91
93
94
96
103
104
105
106
107
109
111
112
113
117
120
148
152
153
159
161
168
175
179
185
186
189
192
193
200
201
203
214
224
231
232
233
235
236
238
241
243
244
246
247
250
252
256
259
260
261
262
263
265
268
271
272
273
276
277
278
280
282
283
284
286
289
293
295
298
302
305
306
308
312
314
316
320
322
324
325
326
331
333
335
339
347
348
351
354
356
358
360
364
365
366
368
369
370
371
372
375
376
377
378
380
382
388
391
392
393
395
396
398
399
400
401
403
405
408
409
410
411
414
415
416
417
418
421
422
423
424
426
428
430
433
434
438
441
443
445
447
448
469
497
498
499
500
501
506
507
508
509
510
511
514
516
517
518
520
521
523
528
530
533
536
537
538
542
551
554
560
563
566
568
572
573
574
575
577
582
587
588
590
592
594
595
598
610
611
612
626
628
629
630
632
639
646
649
651
664
667
669
670
671
678
679
681
691
692
693
699
701
703
707
711
724
727
728
731
737
738
743
745
747
751
755
765
766
783
788
791
792
793
801
806
808
810
811
813
817
827
829
832
833
834
841
842
843
845
848
855
858
859
860
862
865
867
868
869
870
872
886
887
934
942
943
944
955
962
970
981
986
987
989
991
994
995
998
1000
1001
1006
1014
1018
1020
1021
1024
1027
1029
1040
1041
1043
1049
1050
1051
1052
1063
1068
1075
1079
1080
1084
1090
1091
1095
1100
1102
1108
1110
1114
1119
1120
1122
1124
1125
1126
1127
1128
1131
1135
1137
1145
1146
1148
1152
1159
1162
1163
1165
1166
1168
1169
1174
1176
1179
1180
1189
1190
1195
1202
1206
1211
1213
1227
1228
1232
1240
1241
1242
1243
1244
1245
1246
1247
1248
1251
1252
1255
1256
1257
1258
1259
1260
1261
1262
1263
1264
1265
1267
1268
1274
1275
1276
1279
1283
1284
1285
1288
1289
1291
1292
1293
1294
1295
1296
1297
1298
1299
1301
1302
1306
1308
1309
1322
1325
1327
1330
1331
1335
1337
1338
1339
1340
1343
1344
1349
1351
1354
1356
1358
1364
1365
1366
1379
1383
1387
1393
1414
1416
1419
1420
1421
1423
1428
1429
1430
1431
1433
1435
1436
1438
1439
1441
1443
1446
1470
1479
1481
1484
1485
1499
1501
1502
1507
1516
1518
1520
1522
1524
1526
1527
1528
1531
1532
1534
1537
1541
1545
1547
1548
1550
1551
1552
1554
1560
1561
1564
1574
1579
1581
1583
1584
1585
1604
1607
1608
1618
1622
1626
1632
1634
1639
1648
1658
1659
1661
1664
1665
1674
1676
1681
1695
1696
1709
1711
1715
1717
1720
1724
1726
1727
1728
1733
1742
1743
1753
1761
1766
1767
1768
1769
1772
1782
1784
1786
1789
1790
1794
1795
1796
1797
1798
1799
1800
1802
1806
1811
1812
1813
1814
1816
1827
1831
1841
1850
1851
1857
1859
1870
1873
1875
1877
1880
1881
1885
1887
1889
1893
1894
1898
1899
1900
1902
1904
1905
1909
1916
1925
1935
1957
1962
1964
1966
1968
1973
1974
1976
1988
1991
1993
1996
2000
2002
2004
2014
2015
2033
2035
2038
2039
2046
2049
2054
2056
2062
2069
2070
2072
2076
2078
2083
2091
2092
2094
2098
2105
2107
2110
2115
2117
2118
2124
2127
2128
2129
2130
2135
2138
2151
2152
2157
2158
2159
2160
2161
2163
2164
2165
2166
2168
2170
2175
2176
2177
2179
2182
2184
2198
2210
2214
2216
2217
2218
2219
2220
2221
2222
2223
2224
2226
2233
2235
2238
2240
2242
2245
2246
2257
2259
2260
2264
2269
2270
2277
2284
2292
2294
2297
2298
2301
2303
2307
2309
2319
2326
2328
2331
2333
2337
2341
2343
2345
2354
2356
2358
2364
2372
2393
2407
2408
2410
2411
2412
2425
2428
2432
2435
2437
2442
2443
2446
2447
2450
2456
2460
2462
2464
2467
2468
2470
2472
2474
2479
2480
2482
2499
2510
2512
2514
2517
2518
2521
2526
2527
2534
2535
2542
2545
2548
2553
2554
2556
2559
2560
2561
2565
2571
2573
2575
2577
2580
2583
2588
2590
2591
2597
2603
2614
2615
2616
2625
2627
2632
2635
2643
2644
2645
2650
2656
2657
2661
2665
2668
2669
2676
2678
2691
2698
2702
2707
2710
2722
2723
2726
2728
2730
2741
2745
2751
2754
2765
2766
2768
2773
2774
2776
2777
2778
2780
2781
2783
2784
2785
2786
2787
2789
2790
2791
2792
2793
2794
2795
2796
2799
2804
2807
2811
2814
2816
2820
2825
2836
2837
2841
2853
2858
2865
2867
2871
2872
2874
2877
2883
2888
2889
2895
2904
2909
2911
2913
2923
2931
2933
2935
2936
2942
2943
2945
2946
2947
2948
2952
2953
2958
2963
2964
2966
2969
2977
2986
2987
2988
2999
3000
3002
3004
3012
3017
3018
3021
3023
3026
3027
3028
3035
3036
3037
3038
3043
3049
3056
3066
3089
3091
3098
3109
3115
3116
3117
3123
3124
3127
3129
3130
3132
3135
3136
3138
3139
3140
3141
3143
3146
3147
3151
3152
3154
3155
3157
3159
3160
3161
3165
3166
3168
3170
3173
3174
3180
3184
3185
3187
3189
3196
3197
3198
3200
3204
3210
3212
3215
3218
3219
3230
3231
3232
3237
3242
3246
3259
3267
3286
3289
3291
3294
3295
3300
3301
3303
3308
3309
3310
3311
3312
3313
3314
3315
3316
3317
3318
3319
3320
3321
3322
3324
3325
3327
3328
3329
3330
3332
3335
3339
3343
3348
3351
3353
3357
3359
3361
3373
3385
3387
3388
3389
3390
3391
3395
3399
3401
3405
3406
3408
3410
3411
3412
3415
3417
3419
3423
3429
3433
3434
3438
3439
3442
3443
3455
3456
3462
3463
3466
3467
3468
3470
3472
3473
3475
3477
3478
3486
3488
3498
3499
3505
3507
3515
3516
3517
3519
3520
3522
3523
3525
3530
3532
3534
3538
3539
3540
3542
3543
3546
3547
3548
3553
3554
3562
3568
3569
3576
3578
3579
3580
3583
3590
3595
3598
3603
3605
3610
3618
3619
3620
3622
3626
3628
3629
3635
3641
3642
3643
3660
3667
3671
3676
3688
3689
3696
3697
3698
3702
3713
3714
3716
3717
3721
3723
3734
3735
3748
3755
3756
3760
3766
3771
3774
3775
3779
3785
3789
3790
3800
3804
3806
3807
3809
3810
3811
3813
3814
3816
3820
3822
3823
3828
3832
3833
3840
3842
3844
3847
3849
3850
3862
3865
3869
3871
3891
3896
3905
3908
3910
3915
3916
3917
3918
3919
3921
3922
3923
3924
3925
3928
3929
3930
3931
3932
3933
3934
3935
3937
3938
3947
3955
3961
3963
3966
3967
3973
3988
3994
3995
3997
4001
4002
4004
4005
4007
4009
4015
4016
4023
4026
4028
4030
4032
4033
4034
4035
4036
4037
4040
4045
4048
4050
4052
4054
4056
4058
4061
4063
4071
4075
4078
4086
4087
4094
4103
4110
4113
4114
4119
4121
4122
4123
4126
4128
4130
4131
4132
4133
4134
4135
4136
4137
4138
4139
4140
4141
4144
4145
4148
4150
4158
4160
4167
4170
4175
4178
4179
4181
4183
4184
4186
4188
4191
4194
4195
4197
4200
4201
4208
4209
4211
4212
4214
4220
4221
4223
4226
4228
4231
4234
4235
4237
4238
4239
4240
4246
4250
4251
4252
4253
4260
4261
4263
4267
4273
4275
4276
4278
4297
4298
4306
4307
4319
4322
4325
4330
4332
4333
4334
4335
4339
4341
4351
4353
4355
4360
4361
4362
4365
4367
4368
4369
4371
4372
4373
4374
4375
4376
4377
4378
4379
4380
4381
4382
4383
4384
4385
4387
4388
4389
4390
4398
4399
4400
4401
4405
4408
4417
4422
4434
4438
4440
4443
4444
4446
4448
4453
4460
4462
4468
4470
4472
4473
4476
4478
4479
4480
4481
4486
4491
4493
4501
4513
4515
4516
4520
4526
4528
4535
4542
4543
4544
4548
4551
4552
4554
4557
4558
4559
4560
4561
4562
4563
4570
4574
4585
4590
4592
4593
4594
4595
4599
4601
4606
4614
4615
4616
4618
4620
4626
4630
4675
4676
4688
4692
4693
4694
4695
4697
4702
4707
4710
4712
4715
4716
4718
4722
4729
4730
4741
4743
4744
4745
4747
4748
4751
4754
4768
4769
4771
4774
4775
4777
4778
4779
4780
4781
4782
4785
4789
4790
4791
4793
4795
4798
4800
4802
4804
4815
4818
4820
4824
4827
4828
4835
4837
4838
4841
4844
4845
4846
4847
4849
4857
4865
4869
4871
4877
4883
4887
4889
4892
4893
4896
4898
4902
4903
4918
4923
4937
4940
4943
4948
4957
4958
4960
4963
4964
4967
4968
4970
4972
4974
4975
4977
4979
4982
4983
4985
4987
4988
4990
4991
4993
4996
4997
5003
5011
5023
5024
5027
5036
5038
5040
5041
5043
5052
5054
5055
5059
5062
5063
5069
5074
5078
5081
5084
5085
5086
5091
5092
5096
5108
5110
5113
5115
5118
5120
5122
5124
5125
5126
5135
5150
5151
5160
5163
5165
5201
5212
5226
5228
5232
5233
5234
5239
5242
5248
5249
5258
5261
5265
5267
5272
5281
5285
5292
5293
5297
5304
5309
5311
5316
5326
5328
5331
5332
5335
5336
5337
5338
5340
5342
5344
5348
5352
5353
5355
5357
5358
5360
5364
5370
5373
5377
5380
5382
5384
5385
5388
5390
5392
5395
5396
5399
5405
5406
5410
5416
5417
5422
5435
5436
5438
5442
5452
5453
5456
5458
5470
5471
5472
5475
5479
5485
5487
5489
5492
5493
5494
5500
5501
5503
5505
5506
5508
5510
5514
5517
5518
5520
5521
5522
5524
5526
5532
5533
5534
5535
5538
5539
5548
5557
5563
5566
5570
5572
3613
5408
2932
3126
3837
2747
2018
4959
4471
4647
5423
680
1774
134
915
4566
979
2531
3490
2903
4908
3808
2427
5121
3560
2327
1069
1437
5140
3888
5365
3366
5274
718
473
4851
3902
5513
2806
1426
4149
5372
928
4269
5379
5006
5149
4244
2236
1200
1280
1746
5573
3949
1521
4494
3975
1215
3524
3981
436
4876
2188
5191
1535
458
4920
2638
1141
2907
3446
1694
2897
3063
4163
5251
2202
4527
4044
4318
4875
4772
3233
5146
3096
1397
3058
750
5378
892
677
5480
4773
77
4700
3402
922
1839
4998
2441
5053
1558
844
2606
3264
270
3491
2231
3624
3355
3068
3882
374
1032
5428
5046
220
3367
2308
1687
524
2817
5087
3601
5112
2486
1837
2021
4733
5103
2718
684
4511
4345
5106
5159
4413
7
1969
4143
4657
1405
157
1093
2673
1216
4655
4337
1941
3005
3275
3006
1115
3188
3904
3739
2229
4823
1912
1224
4575
2592
1336
1427
1269
5245
483
471
2300
3011
1722
2840
4449
3536
725
5556
4636
2183
5034
3225
769
2050
420
3262
2733
2368
5107
2503
4930
2390
1809
941
2753
2123
209
2286
251
429
5439
3125
390
68
1346
4831
1949
5477
199
4550
2019
1892
344
1105
1956
1587
1217
2330
1563
1254
4762
2954
4336
1978
4104
3458
307
2088
4915
675
897
4109
4162
217
1326
3675
2666
4984
2079
166
3609
3633
2506
3751
2439
5001
2902
4701
3482
4605
2371
1376
2870
4899
2989
982
4095
3057
3784
1997
1065
4185
184
1303
4313
1731
2544
881
565
5564
4862
2956
2375
5058
187
809
3107
3500
900
1077
2289
4589
581
456
319
2342
2930
4976
3740
1389
2818
4619
4709
2034
3658
3360
2346
1053
182
2409
3256
717
615
5273
4796
4658
5411
5310
828
1377
885
794
1744
4734
1556
4142
638
3914
2748
2042
3927
2586
1858
1117
146
4586
281
3591
2649
689
4922
2191
3453
4584
242
2695
1906
3413
1965
5349
5076
2032
5350
5168
313
3217
4624
2387
3819
2646
1926
172
4492
4525
4752
613
3853
2564
3474
774
5545
896
740
2566
837
1846
3342
4850
4628
535
3728
478
1273
1845
4916
3105
2734
820
3118
3009
3715
2967
4565
3364
780
960
3990
5430
334
3989
2194
37
3252
1088
1057
635
2581
1597
4784
299
1404
3094
2357
2302
1415
4933
3801
1064
269
757
1737
1508
42
4465
5463
5220
3427
2005
4764
3827
2563
1054
1462
2742
1886
4282
2040
775
1663
3877
2305
3572
446
132
3640
207
5231
2569
5516
1861
4327
4461
472
3817
4669
1826
3220
4247
5413
28
4689
4894
3654
672
126
879
1897
5431
1281
2965
4216
4641
4146
1678
3403
1866
1606
4101
2549
453
4917
2600
1755
149
1447
4464
4740
115
45
427
1569
3705
5407
2621
460
3228
4343
5199
3270
3372
1082
5262
1843
1745
1613
1559
1855
4296
1392
3812
3163
1223
2847
1690
5257
2612
4864
1109
5067
1701
491
4882
5018
1586
800
3663
3646
4580
561
2325
5537
1759
2206
1601
946
1998
4199
5203
1203
3288
5014
3067
5026
4285
2476
4279
1778
1013
4868
3199
4098
905
3285
4522
462
239
3088
4025
3064
1086
1863
2887
3331
5569
3238
4750
1073
984
180
264
4347
2025
953
961
4833
3502
1178
1729
3521
4829
2881
2607
1650
2181
5073
461
502
1860
206
2630
44
666
3247
1469
4012
1932
3194
3352
5186
5481
2917
805
1055
4756
3245
1104
3284
3239
1036
1170
4863
2763
3979
2855
850
4419
2655
1543
1092
1680
487
1010
807
3510
4646
1182
3600
1278
614
1512
4288
3172
4441
505
1457
464
1903
951
2473
3623
4622
1286
1345
404
53
5531
4597
3974
4757
4549
2147
5476
490
2099
2193
5219
882
4429
4083
5317
3341
1621
3880
2679
176
2891
1944
2252
156
722
4742
467
1066
4879
2501
2137
4225
4010
3770
5188
1954
3821
4724
4416
213
4354
1348
2121
2724
4634
303
4946
4555
2066
4428
3010
5558
475
2981
4019
1888
1142
4934
5241
27
2920
5440
5224
609
2086
2011
287
4765
3145
772
1153
4157
4524
3149
4227
5394
4830
64
2478
5351
20
2703
3912
912
1685
1239
4539
2394
797
439
5169
2044
5065
3273
4102
1451
3386
1749
4224
768
5021
1440
4410
5082
1380
3274
3253
3581
4514
2803
1510
3859
1994
732
1172
1033
5400
2237
3742
3368
2080
2024
5254
1525
5264
4323
1222
4431
3283
3483
2426
3346
1310
1594
5527
1704
4424
3374
2469
492
1652
162
215
2557
160
4640
123
3506
3260
3131
2143
4018
18
294
4794
5367
5216
861
4259
3085
1922
2148
227
2241
4304
1756
1807
470
5574
2884
3420
3936
3829
3333
76
4760
407
2854
2386
1037
4112
3906
1948
63
5334
1628
4608
2265
645
921
3958
196
2629
4895
2856
357
5102
5195
559
5071
5218
5100
4936
1913
2084
4573
145
957
730
1143
1449
33
4683
1444
3615
2709
2701
4506
1300
2925
2288
5288
925
4055
1735
309
4962
2363
3254
3993
1940
4749
2262
3604
3061
1929
4509
1130
3377
619
3398
3788
2287
1220
3421
1129
2461
3445
5369
5561
3133
4904
3236
2496
3709
1185
1249
311
1712
2712
924
4783
5490
625
2721
4277
1871
2169
5012
964
5446
222
300
2318
1985
4172
4069
936
419
318
171
2924
3221
4654
3737
4264
2172
1609
2162
1500
4442
4645
2150
702
1975
5375
988
2576
5190
1081
1805
3625
2515
41
3426
2016
3551
5177
864
5361
2273
3375
2136
866
2429
5236
495
3876
2978
857
3528
3944
4668
3062
3759
1132
744
4714
4349
2539
3307
3946
5192
1513
3769
21
2276
323
5142
3992
3282
197
4581
949
940
38
4286
4202
1817
4340
2894
367
437
4328
3134
4047
4317
321
3722
2830
4534
2520
3557
14
1934
3883
3796
3943
2706
4294
3083
835
5419
2659
1237
4821
304
3471
4080
2250
3762
5089
4079
2623
5139
5397
2609
3711
459
1515
1633
1225
3487
877
1675
2509
5117
1684
1963
1138
4482
5075
3648
4504
4176
2735
2349
1282
4295
3190
1538
5137
1570
2186
3022
4732
3193
3060
2077
2543
3485
216
2508
1562
4003
5387
2081
4533
4418
815
4496
3529
1751
1193
4287
1670
2761
5007
3873
4677
908
2243
1669
350
6
1382
1107
118
5484
3889
2732
660
3690
3432
1455
2864
3985
4885
2692
4980
4598
2096
3452
2868
4708
4763
624
1747
3055
1660
3287
1408
3526
3957
4060
5217
128
4326
2299
1028
3940
4540
916
2067
3874
4490
3712
3890
1410
1568
3229
3661
4507
2976
3732
1536
2640
432
3725
2350
685
3881
2304
2415
3422
1835
1495
2434
2994
2832
3020
2960
2197
2268
3585
3670
1434
3513
3867
5299
2639
5449
4073
2610
2293
359
1598
854
1644
1649
3983
3034
406
4651
1946
733
690
1555
258
3297
5183
2602
4667
476
2195
4872
3075
4866
1463
4305
4290
2997
3464
634
4839
1517
5362
5541
714
3909
5270
2466
2059
1044
2030
2141
4348
1034
1856
2756
2918
5010
3084
4588
2993
4198
5473
1134
1472
2532
4556
4447
5287
4842
5530
4571
5015
327
342
2717
4682
3269
2772
1693
1921
2608
3251
3304
1318
4541
56
2928
2802
3793
3203
952
174
3884
2360
3258
1056
346
3503
1493
3370
2009
3685
2962
2491
4637
5483
2026
5105
29
4344
1194
2973
967
812
3255
706
2109
4981
2189
139
362
3070
782
2322
2876
2414
5154
5571
1390
5454
4961
2396
479
2572
2637
3636
1236
5049
1121
4196
2996
1477
4053
513
1386
2391
387
75
4855
2399
1672
2929
3349
3479
3597
753
4386
4152
3953
5050
4425
5101
2809
1456
803
1015
3630
279
1937
2585
2455
2890
2813
255
2101
5325
5206
5260
5486
3687
3296
5
1450
98
5433
4006
1181
5455
715
2281
2334
4826
5448
1219
1409
3112
2057
5215
36
2537
2275
1487
4512
1272
3900
2071
596
1836
1329
4173
389
4809
4257
975
4924
1725
2074
2317
2546
5166
2457
4469
1876
1504
1572
3559
1016
2144
1350
4505
1630
4926
71
2008
895
39
4072
1071
4215
1388
3836
463
4761
3292
2530
5301
1955
3277
531
3693
1025
1567
2404
4265
285
2132
1573
688
2502
1931
1519
5002
2395
665
3079
177
4210
709
2961
4994
1815
4312
3841
3848
301
1620
2376
150
3704
1012
1099
4017
4165
3097
1654
2253
3234
1529
2998
452
965
2658
3457
3015
1936
1705
2827
2896
5056
2378
1210
2338
5303
204
4806
562
212
5152
4942
2267
2093
3719
1149
2611
16
2714
1465
230
4950
4062
2831
749
5512
2156
1959
4600
2380
4674
2471
1612
5404
996
796
686
5083
4407
3430
2320
2207
3494
2306
5134
2111
3998
1627
3868
2822
3665
1883
4174
5000
641
3120
2620
4125
3815
1097
3707
425
3986
2725
1823
2805
2365
3182
1205
798
5104
4629
2498
2037
1058
2922
4906
3818
1233
911
3926
3701
4404
5488
3078
2879
3964
2401
1214
1035
2278
1647
909
2311
1821
4008
3764
1096
5268
2481
4091
225
5155
5204
3718
856
5330
1919
2939
2628
2519
3855
5116
1763
1721
627
2662
1557
2524
2402
2660
4118
3278
3533
147
1476
5346
3164
5022
481
3192
110
902
5401
1691
292
3782
2483
5415
2340
2448
2140
4929
5197
2824
647
2675
1540
5466
3802
3492
1884
169
1697
2604
3776
1396
620
3632
2489
5552
178
1360
2886
1085
4255
5138
784
2028
4289
3791
3588
2901
1958
2492
2536
4068
2594
4801
4931
173
4621
4230
4717
3730
607
3323
622
3119
4315
959
5243
2125
3041
2955
4856
673
1316
4180
3153
1418
4169
1788
929
3699
4853
2633
5093
2898
5070
2970
552
983
3053
1832
2087
4027
3805
1928
2919
4536
4477
919
5044
2381
2906
734
3614
2852
4217
3428
5031
3461
3952
1565
657
332
2641
5235
5547
1580
5540
4819
223
5013
494
3206
70
2254
1197
2844
4147
4070
1979
2705
846
3501
3013
1992
1830
748
4281
2131
3407
5345
31
3843
4568
1924
55
5368
141
2454
1828
4042
2540
4966
142
3059
1489
2256
3039
1578
4945
1204
4735
4415
4613
1098
522
3794
1625
5173
4910
5175
4051
4816
3081
3824
4907
5187
97
599
3651
2266
3584
3469
682
4927
3692
570
10
2146
3381
1645
3887
2927
11
3347
2788
3602
2283
1808
2227
5068
529
553
4115
5167
2694
2618
618
1700
4999
3476
763
4631
4451
4038
3797
310
4680
3634
3148
5343
1406
3649
4727
5283
781
4591
5028
2941
3657
2458
1407
3240
2685
1175
3305
3561
2208
1600
3706
601
5161
1643
3573
1818
2312
1773
355
2584
5437
4576
2672
2348
1017
3972
137
383
121
4854
4314
5111
5307
3617
5072
3951
1707
2995
3281
5090
880
825
2664
4607
1605
1445
3575
191
2991
985
4436
4454
1031
4848
4517
519
1770
1668
1402
4938
3051
3744
4832
2477
4171
3299
1253
917
0
2212
527
4881
1005
1732
4155
4786
4300
767
2119
3048
3700
3913
4503
3777
3271
2475
1629
3571
449
2187
4949
340
1593
2495
2430
1062
1838
4024
4502
1164
1328
2316
4873
2599
2589
2693
1362
124
5019
2522
190
2674
723
3555
266
4303
683
3984
5119
4900
2880
5158
2112
963
907
1546
5329
3733
1140
847
875
4455
5148
1319
4067
2215
1347
165
4475
5425
648
136
3830
114
5302
3363
849
2568
3535
2001
2990
5289
4456
5240
3102
894
274
4193
3907
3108
1738
5315
2797
413
5567
221
2452
2711
5528
3497
4553
2213
729
5469
1895
3436
3845
1603
381
1945
1765
3103
4653
1890
1734
5553
3040
4342
2596
3302
1942
3181
3592
2010
1930
3679
656
1825
1865
4097
5095
1588
4711
3201
1094
3216
3435
5562
4205
1370
708
2829
4776
2759
2716
5266
5320
2775
2626
83
704
616
4311
1849
4046
3745
3593
4222
1400
1188
219
1368
4248
4739
1566
1614
2937
4190
1116
1486
412
1491
789
4254
119
2272
1960
5502
1933
4738
5550
3980
2361
2438
2971
873
1374
720
1852
1757
3024
2938
4249
3594
2899
1230
5222
4309
4324
4245
5025
2174
3724
5045
1804
2622
5402
1186
1144
484
5474
5426
3054
3861
2013
3898
4890
4284
57
5523
1848
4836
4886
2550
1760
1038
2089
5064
3345
3694
1596
5051
4685
5171
5147
939
5238
2106
