29
65
83
85
86
109
114
125
134
139
146
152
175
200
210
214
217
223
226
230
232
234
240
243
244
249
258
259
263
267
275
278
287
288
294
303
304
305
309
310
322
326
333
336
343
348
351
353
359
360
362
363
376
378
380
383
391
397
399
400
404
408
421
422
424
433
440
445
447
449
452
455
459
461
462
468
469
470
471
473
475
476
492
494
495
497
501
506
510
512
513
517
519
528
531
532
538
545
547
548
550
552
558
559
568
579
582
583
586
587
589
591
595
597
598
599
601
603
607
608
609
612
617
618
625
626
632
638
640
641
645
648
651
653
654
655
656
657
658
662
663
665
670
673
674
677
683
686
689
691
693
695
697
700
702
705
706
707
708
709
710
714
715
716
718
722
728
729
730
731
732
733
737
739
740
742
746
747
749
751
753
755
756
758
760
761
762
763
766
768
769
773
775
778
779
783
784
786
787
788
794
796
797
802
804
805
807
809
810
811
812
816
819
824
825
828
829
833
834
835
839
841
843
844
845
847
848
850
852
860
862
863
866
867
869
870
871
872
873
875
876
877
879
880
882
883
884
885
886
887
889
890
891
892
894
896
897
898
901
904
906
907
910
911
912
913
914
915
917
919
923
925
927
929
931
932
933
936
938
940
941
942
943
945
947
950
951
952
954
959
962
964
966
970
972
973
974
976
977
978
980
982
984
986
987
988
990
991
992
993
995
996
998
