4238
5567
4011
74
4033
3419
4681
5643
100
1783
481
117
5485
3513
840
467
2974
4322
2896
2099
3934
5397
4673
765
242
3233
1112
5035
2616
775
2968
784
2573
90
67
3229
3637
2945
5730
587
1952
2065
770
5489
3852
2752
4620
3296
3276
3728
5504
1452
3199
3924
2991
1507
164
1094
3389
178
2071
476
3185
2383
306
1974
193
5160
3824
2145
3910
4718
1860
303
3567
1213
3861
510
4030
2755
2375
2914
3520
4239
28
1596
3072
5036
5534
1019
5641
2377
335
2101
1288
5470
4204
5476
3792
771
1582
1968
538
2860
2532
2025
5400
876
3925
4400
2563
1800
5143
1275
2325
5167
5577
978
5166
4597
5227
4552
1735
3325
4009
5228
2301
5705
2895
3361
5623
5640
2188
1300
2908
5456
1128
1469
1348
1902
782
4660
4296
1943
1286
774
3596
5565
1597
2647
5161
5479
5808
1093
3727
2623
4543
842
1347
3488
3049
1467
783
694
5193
2637
2024
1283
5038
3570
1012
540
95
2967
2217
3122
2331
4709
2905
988
707
2250
4607
4373
222
2414
5610
2282
233
2041
690
991
4675
3913
5072
1234
5728
3213
1829
2617
1997
3592
2624
593
5312
1404
1583
3999
2046
1970
4605
3383
3303
1333
1222
3849
776
981
1118
2374
3009
1194
1110
3228
2004
3302
5530
3905
2471
5027
1892
5488
846
2952
1289
5483
2100
1109
2367
1540
2826
2012
2944
804
4352
3387
5589
338
5572
2472
4356
5475
5464
2008
2353
2258
2942
496
3569
3871
781
5028
1981
5399
5068
4677
3923
812
30
4749
5396
1176
2127
3249
4331
1977
741
3392
3936
5405
1471
1821
778
4346
3763
5313
841
5516
2498
5428
2594
655
1554
165
2049
5039
1785
555
5478
880
995
3877
3931
5729
2348
2828
4185
2569
3114
1971
1894
3841
700
1345
4212
996
3758
4370
5710
5204
2543
4558
5783
1573
5455
2988
963
1376
3231
3390
2825
1453
2731
4211
177
2095
210
1777
2256
2970
724
983
1284
3101
3174
2909
301
3462
1096
4695
336
1297
4208
4602
2751
1856
3103
939
1880
5522
3310
1823
2936
5024
2059
2005
3920
907
717
2410
3975
5065
2605
5044
5223
4003
2759
3565
3112
3418
1600
1837
198
3988
569
3362
1595
3235
4000
710
534
4350
5286
215
2066
5429
1951
992
5197
706
4206
3209
2128
2533
1056
118
3275
1433
3889
1004
777
2199
3516
1445
2019
1750
2780
2068
2628
672
5019
1448
3478
3393
2676
321
954
525
5724
2915
3779
768
4342
2995
5564
3230
2608
5586
2627
2022
4186
2767
5229
4024
2327
2056
592
2749
2123
2580
2997
3997
1601
4570
3309
1965
5570
950
3144
2344
5058
692
1233
5026
4604
4628
1324
29
1285
4544
5563
843
5070
4035
779
3564
1178
2257
1786
5287
881
3304
891
4706
5055
5566
4353
4606
3232
2630
5503
3998
1964
5168
2031
5573
2531
3739
204
5510
1555
5051
3485
1571
1881
4557
1473
1898
213
2263
99
197
1252
4217
2378
1999
179
93
691
2768
3116
2389
1838
4569
304
989
320
2592
234
788
8
1281
1950
3125
5531
2674
102
3245
2620
2189
5404
4255
4575
3349
3360
3713
1978
1088
2938
5441
2174
2345
5501
2421
27
1972
4256
1319
974
3319
3935
2057
1616
2610
1392
3382
3522
703
1427
1236
4203
4232
3364
2754
5282
3477
3073
2118
5176
669
1557
5135
5046
4697
5596
750
76
1791
752
2132
5477
2021
4577
228
3265
1217
1578
675
125
586
3711
82
4010
528
2328
1092
3992
544
4205
835
910
1577
4336
1240
4627
2001
1237
3394
619
5495
2614
816
1117
3938
291
879
4210
827
2208
3991
2130
2023
5119
5463
828
4588
769
5191
3078
5642
3896
492
5524
817
3618
1884
681
1975
31
1503
1279
5267
1280
1111
614
1447
4032
2416
5074
709
3915
4218
2523
4576
5239
616
745
980
5491
3149
101
2717
2390
4323
2819
4043
5183
313
661
693
5063
3143
5644
5048
2873
2893
70
277
3940
4284
2309
3042
5163
1267
1058
1889
324
4721
4935
2920
3875
1747
4530
3192
4531
2203
1905
4098
1449
5211
4351
2422
5410
4914
5273
4813
3416
2111
820
255
402
4064
4297
5000
5188
5746
3540
918
5867
1238
5179
2211
5231
3864
3008
3690
2891
4798
5638
3619
4965
4829
2553
3083
2663
2121
1505
2323
990
2564
1807
3490
147
4073
4753
2426
1439
5676
4300
5935
5630
2990
4237
2540
273
4630
1543
4494
3464
5278
2148
494
3549
5797
2547
5890
1293
4101
637
2063
5432
5804
2539
5795
4919
4527
678
962
2808
2465
2112
2295
4788
3278
658
5395
3636
4696
4898
4789
1866
2521
3588
5878
353
4731
4853
4928
4382
2267
86
5333
4378
5327
1961
3243
15
5172
380
747
4468
1278
3277
5095
2994
2490
5381
1621
3773
3977
5355
4554
3368
3958
5347
2689
1015
3983
4
5775
3579
3434
574
2278
5549
5648
2225
2003
904
106
3351
2788
2562
3613
4472
2890
1647
2536
3352
3506
5248
5344
1603
5092
2387
3816
5845
305
4873
2785
49
2158
499
5896
3509
2407
677
1042
2126
5855
3848
3702
361
4822
552
629
2272
156
4805
3639
3258
140
511
1520
4849
2801
947
345
3859
2300
622
1607
2133
5118
3963
5854
4778
5598
5591
5449
1826
3671
3908
2760
1874
3441
1899
854
5370
1653
4815
3856
1673
4967
923
1203
3641
3291
39
1914
3435
5903
5726
4825
4940
1875
4812
