2795
5169
2537
26
3987
2531
623
5047
1737
178
2858
3209
2808
1331
794
3352
1508
2543
4267
4668
733
5574
191
5701
4694
4056
4106
1900
2675
1109
3004
1584
5537
3739
30
3413
887
4548
338
2153
2489
3343
3201
1920
1745
876
4186
5346
4067
5778
990
1748
4576
2784
750
1830
3728
2102
4596
741
2491
5522
4031
3522
1981
1815
1599
3116
3116
1776
3861
5566
828
2494
934
1131
3382
2741
218
1061
71
2375
205
2144
571
3902
453
3325
4216
2735
2468
1223
1822
5135
5150
5559
3211
5663
3583
1488
5564
1981
838
5077
1548
2194
186
2602
2722
2420
2693
3888
826
3139
4223
2353
5067
1316
982
4699
2118
1902
2659
3158
5378
5340
288
5706
3216
4670
5388
963
5642
2102
718
587
2954
5693
5570
1836
2354
2298
2215
1791
3305
4583
5154
2307
5169
5593
5641
2825
1584
5635
560
222
4403
213
3843
2012
2281
5440
1851
1583
5346
3552
3973
1345
2622
882
4668
2034
2533
5052
5605
4192
1829
1194
2573
3651
5156
5162
2531
4033
3003
4256
49
2338
2214
256
769
3331
1247
2665
3610
3157
5345
3479
250
5059
5462
2742
1096
1557
3770
2267
539
4124
5220
822
3799
2937
5140
4223
2858
99
4190
1300
3154
1733
4036
2540
5396
549
2145
5135
4512
2665
5399
507
1434
538
1046
1118
829
4605
64
5576
5051
2034
628
43
4717
5373
3957
4184
5387
28
3150
5398
2676
5742
507
5582
4707
5405
712
2647
2183
2127
4186
1950
5643
3223
617
63
2183
2552
5080
3151
2537
3275
5286
5547
5472
4704
3592
4171
5702
4009
1487
788
948
1798
3154
2602
4218
663
1218
2215
3765
4264
4315
4608
4246
1279
3522
4035
3038
5421
123
1540
2100
1182
3610
2980
2220
4675
4113
1874
3032
3360
5349
1564
5199
3996
2074
2264
2607
548
1974
1829
1616
1096
1577
4034
3529
982
2533
1493
4315
5400
2720
2825
5397
4544
4855
285
3008
3137
4346
1797
5584
5614
1471
1452
1474
5487
847
2142
1241
4238
1936
1510
5567
3249
5442
1740
5608
5024
1407
1978
3067
3182
4255
3321
5782
5397
5082
1230
111
5461
571
700
1439
896
1815
1448
4033
879
4029
2895
4093
700
670
338
1559
826
3401
1318
4011
822
4573
3923
1409
2671
2759
2717
5229
5518
3973
1160
5085
4155
3947
3931
4185
554
3719
338
191
3365
5324
2647
3660
4764
4562
3233
3180
5657
4650
1854
3921
2928
2243
4416
957
835
2757
882
4704
2214
1869
4030
1097
899
2500
3540
3530
4716
5478
3296
2401
3405
794
3564
2199
3002
4221
838
5784
1078
5577
2148
3463
2567
1597
4036
4030
30
3887
742
995
844
1288
2170
3582
969
1110
5153
1437
5349
2604
2576
2943
1949
1049
1125
3658
1964
5335
5573
4340
1922
2858
564
1609
4604
2246
2157
1504
3286
2165
1046
1767
2354
779
3806
5232
69
3007
123
5036
881
1942
3567
5517
3032
5035
3089
1075
1776
2895
1226
2891
3787
2156
5284
675
2412
2867
3168
733
2944
2047
5051
5206
1798
1961
542
1976
2664
4621
3182
407
3261
1784
2315
2117
1548
5399
3360
5540
45
3895
3739
2233
4583
3592
338
2582
4694
1582
3488
1245
1217
3126
1521
3058
3038
5408
2394
4091
5478
5483
5363
5595
1750
1559
1078
1512
4613
1219
1111
5460
5411
306
100
974
940
1034
5430
2341
1294
5670
1824
942
3929
5204
3502
2346
548
5784
4340
3349
5286
3058
4694
1976
5025
4373
783
1387
803
2129
4651
3897
5357
4581
1281
92
2102
2482
828
15
5286
2795
5546
1990
1229
1832
3770
3194
3785
3753
1763
2099
472
5359
4331
3382
2933
1865
2799
4367
1936
2695
587
2058
5221
2350
1416
3774
5345
2096
1837
4315
204
3321
313
2420
4581
948
4658
1529
797
1580
3975
1796
5232
2678
2405
3716
3131
5142
3723
3305
1170
1537
5020
91
3635
3651
2909
4543
1983
847
831
1285
4674
3275
325
3931
5157
875
671
1772
1112
2000
510
5778
1983
3998
877
4258
2161
882
5443
5156
1444
3915
2966
215
50
5278
3987
5058
2867
5534
335
952
63
3419
2158
2431
2673
1835
2104
3501
5778
2924
230
1860
2015
2903
3722
3155
4246
1421
1838
4056
4717
2610
1964
1444
1279
4613
316
2768
1275
2765
2384
4693
3196
2299
2246
1829
1867
2653
3184
2357
5642
2850
5429
5168
1944
2713
2767
5058
577
548
544
3627
3526
3552
3843
2218
5300
2008
4646
3117
4716
2199
467
5483
3156
4169
5150
2899
2473
5167
2898
2691
3785
2128
3509
2065
3896
4578
5236
3161
5575
4285
2755
5414
2165
99
3073
982
2251
5548
564
1969
4253
3319
309
2246
983
1566
5267
233
338
5691
4917
1237
706
3472
2002
2007
5640
238
2732
670
2047
5232
5346
5044
2972
2928
4163
3201
2964
1851
2600
5724
3931
612
4032
2058
3484
4132
3799
4186
3784
2812
69
1223
939
5336
4495
3590
5491
4578
2706
4142
2968
2384
5085
4575
5045
1061
497
112
1784
3011
5488
2981
5026
4416
2243
1280
3567
4704
2341
4865
2047
2153
1120
3428
1278
703
5476
5352
5605
907
838
4350
3232
1037
3213
4643
2867
2383
3947
2330
2157
5195
213
5025
1434
1096
671
1573
1109
54
5288
5419
5410
4255
1012
3009
4205
3233
2954
2896
2658
2158
2931
5429
595
5669
1225
4548
2676
1172
5432
4287
1938
4336
5335
5405
69
1014
4148
4030
3843
4009
2820
3268
5411
5740
3713
3985
3187
2896
4056
746
1814
573
654
3985
5124
628
1525
5222
1104
95
4763
4217
2383
788
2097
2302
1239
1218
1420
2233
3660
1000
2794
3660
4094
5500
2295
4764
5181
2489
1911
766
3923
1784
2309
3916
4297
1597
4318
4264
5522
2316
2421
751
1113
2214
331
4140
592
751
584
3342
2053
5598
5841
287
1062
5248
806
5499
1129
3062
686
5094
2956
36
4417
1026
2369
1412
965
651
2061
4636
4812
5813
5119
3367
1802
499
1636
3035
5591
4504
2792
3163
2448
5806
3875
4805
2313
2591
2660
689
5791
1042
2426
931
5189
5647
1657
4902
3550
4793
1625
87
652
5873
2317
3189
5865
2496
5904
1649
3439
110
1896
4654
2538
5694
2124
2026
1624
246
3535
4963
5836
2634
5893
3519
1774
2457
2270
3071
2907
808
3864
4451
2342
5108
4506
151
4852
3086
3175
738
1431
5203
3386
5274
1080
2499
2550
3087
39
2579
4178
1672
1064
4222
3496
4273
4386
5272
56
3858
4378
4129
960
5295
4688
319
2151
4130
1806
3688
4053
4407
4559
5190
4104
390
1438
5911
5809
1443
4398
4065
2871
489
340
4787
4844
4961
1043
1809
1367
3218
4483
2525
5849
1765
4938
3473
1385
3842
1868
2475
1016
5186
1173
1045
545
254
344
4475
3743
546
5106
3292
2032
5310
4328
1523
5216
1415
4518
1921
127
3057
3437
5759
3442
4995
3090
324
883
4145
5533
3380
491
1754
3457
4756
565
267
5588
4771
1693
4144
695
3258
3339
5856
886
2761
2520
893
5174
5770
5594
1399
2206
5315
2150
914
4115
1398
2541
4915
2771
3707
4739
684
2856
2870
5224
1253
5545
747
5709
5532
2534
5422
3499
615
7
780
447
508
4637
792
5529
2456
2045
409
5113
2824
1422
5123
5178
1368
369
