4238
5567
4011
74
4033
3419
4681
5643
100
1783
481
117
5485
3513
840
467
2974
4322
2896
2099
3934
5397
4673
765
242
3233
1112
5035
2616
4011
775
2968
784
2573
90
67
3229
3637
2945
5730
587
1952
2065
770
5489
3852
2752
4620
3296
3276
3728
5504
1452
3199
3924
2991
1507
164
1094
3389
178
2071
476
3185
2383
3389
306
1974
193
5160
3824
2145
3910
4718
1860
303
3567
1213
3861
510
4030
2755
2375
2896
2914
3861
4238
3520
4239
28
1596
3072
5036
5534
1019
5641
2377
335
2101
1288
5470
4204
5476
3792
771
1582
1968
538
2860
775
2532
2025
5400
876
3185
3925
4400
2563
1800
5143
1275
2325
5167
5577
978
3229
5166
4597
5227
4552
1735
3325
4009
5228
5167
2301
5705
2895
3361
5167
5623
5640
2188
1300
2908
5456
3925
1128
1469
1348
1902
782
3233
4660
4296
1943
1286
774
3596
5565
1597
2647
5161
5479
5808
1093
3727
2623
4543
842
1347
3488
3049
1467
783
5567
694
5193
2637
2024
1283
5038
3570
1012
540
95
2967
2217
3122
2331
4709
2905
988
707
2250
4607
4373
222
2414
5610
3199
2282
233
2041
690
991
4675
3913
5072
1234
3389
5728
3213
1829
1974
2617
1997
707
3592
2624
593
5312
1404
193
1583
3999
5397
2046
1970
4605
222
3383
3213
3303
5641
1333
1222
3849
776
981
840
1118
2374
1234
3570
3009
1194
1110
3228
5534
2004
3302
5530
3905
2471
5027
1892
5488
5193
2895
846
2952
1289
3122
5483
2100
1109
1019
2367
1540
2826
2012
2944
804
4352
765
3387
5589
5643
338
5572
2472
4356
5475
5464
2008
2353
2414
2944
2258
2942
496
3569
3871
5475
781
5028
1981
5399
5068
4677
3923
812
1981
1288
1112
30
4749
5396
476
1583
1176
2127
3249
4331
1977
741
3392
3936
5405
1471
1821
1829
778
4346
3763
1404
5313
841
5516
2498
5428
2594
4675
655
1554
5476
165
2049
5039
1785
555
5478
771
880
995
3877
3931
5567
5729
2348
1019
2828
2374
4185
2569
3114
1971
1894
5160
3913
3841
3931
1894
700
1345
4212
996
3758
4370
5710
5204
2543
4558
5783
1573
5470
5455
2896
2988
303
963
1376
1283
3231
3390
2825
1453
2731
4211
177
2968
2095
210
1777
2256
2970
3383
724
481
5534
983
1284
3101
5038
3174
2909
301
3231
3462
1096
4695
336
1297
4208
4602
2751
1856
3103
939
1880
5483
1981
5522
3923
3310
1823
2936
5024
2059
2005
3920
907
2908
717
2410
3975
5065
2605
5044
1194
5223
4003
2759
3565
690
3112
335
3418
5024
1600
1837
5589
198
3988
5641
569
3362
1595
5476
3235
5399
5530
4000
710
534
4350
5286
4208
5464
707
1471
215
5027
2066
5710
5227
5429
1951
992
5197
706
4206
3209
2128
2533
1056
118
3275
1433
3889
1004
2004
777
1856
569
2199
5485
3516
1445
2019
1176
1750
2780
2068
2628
2414
672
5019
1448
1096
3478
2914
2331
3393
2676
321
5039
954
303
525
5724
2915
3779
768
4342
2995
5564
2569
3230
2608
1096
2410
5586
2627
2022
4186
2767
2896
5229
4024
2327
2056
592
2749
5028
2123
2199
4709
2580
1596
2997
467
3997
1601
4570
3309
1965
4370
3596
5570
950
3144
2344
5058
692
1233
5026
4208
4604
4628
1324
29
1285
4544
5563
843
5070
4035
846
779
3564
768
67
1178
2257
3824
2914
1786
222
5287
2826
881
3304
891
2145
4706
2410
2101
1943
5055
2348
5566
3852
4353
4606
3232
991
804
2755
2630
5503
2498
3998
1964
5168
2031
5287
3861
5573
2531
3739
204
5510
1555
5193
5610
5051
3485
1571
1881
4557
5396
1473
1898
213
2263
99
1965
197
5516
5456
1252
4217
2378
692
1999
179
5455
93
691
5161
2768
2676
3998
5193
4607
1970
1600
3116
2389
1838
3112
4212
4569
4186
304
989
320
2592
774
234
788
2563
1821
8
1281
4673
1950
3125
5531
2674
102
197
3245
2620
1376
2189
5404
1094
4255
1943
4575
1004
3349
2968
3360
193
3713
1978
3727
1088
5729
2938
5441
4400
5068
3296
1540
1902
4677
2174
2345
5501
842
5397
694
2421
3393
27
1972
4256
4605
1319
974
3319
3935
2057
1324
5640
2068
1300
5404
2199
1616
2610
1392
3637
3382
2257
2127
3522
1376
703
1427
1236
841
774
4203
1800
4232
1445
3364
5027
2754
1324
1012
5282
5485
3477
2024
2025
593
1902
3073
2118
1333
5176
3392
989
669
1557
5135
5565
5046
3275
4697
5596
2860
3392
750
76
1791
1473
204
752
2860
989
5572
2132
5477
2021
4577
228
76
3265
193
2826
1217
1578
675
125
5572
586
1404
1981
3711
2025
82
3361
1974
593
1471
4010
528
2328
5475
1092
3992
1345
544
4205
835
910
2825
3792
1577
4336
1750
3116
1240
4627
2001
950
765
963
1237
3394
619
3763
5495
3758
2614
5228
3565
5534
816
2374
2001
1117
1319
3938
3296
291
879
4210
827
2208
3991
2130
2630
2023
1333
1345
5119
5463
724
5143
828
2099
2970
3364
1471
4577
4588
592
3779
2199
769
3394
3920
5191
3144
1467
778
1222
3303
835
3078
881
4010
3924
3125
5642
3418
3896
1376
778
3522
492
5524
2056
817
3618
5456
1884
939
1943
681
1975
5072
3569
1297
2348
1096
3392
31
1376
1503
1289
1279
5267
1280
117
1111
4350
614
2019
1447
5404
4032
2767
476
4604
2416
5074
1783
709
5488
3915
768
5564
291
5531
4218
776
2523
1597
4576
5239
1452
303
3824
616
5038
745
980
5491
3149
2592
101
2717
5429
2390
4557
4323
3228
2819
4043
5183
788
313
768
5313
5729
661
2071
2755
3849
693
2019
5063
2754
3143
4232
5644
3418
2130
1300
5048
2628
2676
841
555
2873
528
1019
2893
4605
70
277
3940
4284
2309
3042
5163
1267
1058
1889
324
4721
4935
2920
3875
1747
4530
3192
4531
2203
1905
4098
1449
5211
4351
2422
5410
4914
5273
4813
3416
2111
820
255
402
4064
4297
5000
5188
5746
3540
918
5867
1238
5179
2211
5231
3864
3008
3690
2891
4798
5638
3619
4965
4829
2553
3083
2663
2121
1505
2323
990
2564
1807
3490
147
4073
4753
2426
1439
5676
4300
5935
5630
2990
4237
2540
273
4630
1543
4494
3464
5278
2148
494
3549
5797
2547
5890
1293
4101
637
2063
5432
5804
2539
5795
4919
4527
678
962
2808
2465
2112
2295
4788
3278
658
5395
3636
4696
4898
4789
1866
2521
3588
5878
353
4731
4853
4928
4382
2267
86
5333
4378
5327
1961
3243
15
5172
380
747
4468
1278
3277
5095
2994
2490
5381
1621
3773
3977
5355
4554
3368
3958
5347
2689
1015
3983
4
5775
3579
3434
574
2278
5549
5648
2225
2003
904
106
3351
2788
2562
3613
4472
2890
1647
2536
3352
3506
5248
5344
1603
5092
2387
3816
5845
305
4873
2785
49
2158
499
5896
3509
2407
677
1042
2126
5855
3848
3702
361
4822
552
629
2272
156
4805
3639
3258
140
511
1520
4849
2801
947
345
3859
2300
622
1607
2133
5118
3963
5854
4778
5598
5591
5449
1826
3671
3908
2760
1874
3441
1899
854
5370
1653
4815
3856
1673
4967
923
1203
3641
3291
39
1914
3435
5903
5726
4825
4940
1875
4812
